+0667.9371 +0634.9969 +0235.8089
+0668.0164 +0635.0023 +0235.8082
+0668.0512 +0635.0049 +0235.8083
+0668.1070 +0635.0080 +0235.8087
+0668.1655 +0635.0096 +0235.8087
+0668.2053 +0635.0097 +0235.8085
+0668.2653 +0635.0067 +0235.8093
+0668.3159 +0635.0055 +0235.8078
+0668.3606 +0635.0052 +0235.8088
+0668.4303 +0635.0048 +0235.8083
+0668.4743 +0635.0038 +0235.8081
+0668.5396 +0635.0032 +0235.8084
+0668.5915 +0635.0014 +0235.8082
+0668.6386 +0634.9986 +0235.8094
+0668.6913 +0634.9969 +0235.8092
+0668.7367 +0634.9979 +0235.8090
+0668.7802 +0635.0037 +0235.8090
+0668.8326 +0635.0043 +0235.8094
+0668.8921 +0635.0010 +0235.8083
+0668.9334 +0634.9977 +0235.8084
+0668.9931 +0634.9937 +0235.8094
+0669.0404 +0634.9896 +0235.8083
+0669.0829 +0634.9919 +0235.8086
+0669.1451 +0634.9881 +0235.8079
+0669.1861 +0634.9856 +0235.8079
+0669.2367 +0634.9867 +0235.8081
+0669.2879 +0634.9899 +0235.8067
+0669.3367 +0634.9938 +0235.8062
+0669.3939 +0634.9953 +0235.8056
+0669.4473 +0634.9968 +0235.8055
+0669.4984 +0634.9973 +0235.8051
+0669.5818 +0634.9961 +0235.8050
+0669.6685 +0634.9969 +0235.8055
+0669.7445 +0635.0007 +0235.8107
+0669.8024 +0635.0034 +0235.8150
+0669.8250 +0635.0034 +0235.8167
+0669.8353 +0635.0016 +0235.8164
+0669.8439 +0635.0011 +0235.8167
+0669.8618 +0634.9993 +0235.8159
+0669.8714 +0635.0024 +0235.8154
+0669.8758 +0635.0035 +0235.8155
+0669.8834 +0635.0060 +0235.8147
+0669.8908 +0635.0042 +0235.8130
+0669.9061 +0635.0026 +0235.8096
+0669.9103 +0635.0023 +0235.8085
+0669.9246 +0635.0020 +0235.8051
+0669.9365 +0635.0024 +0235.8007
+0669.9426 +0635.0070 +0235.7991
+0669.9554 +0635.0083 +0235.7946
+0669.9597 +0635.0068 +0235.7930
+0669.9623 +0635.0053 +0235.7912
+0669.9649 +0635.0026 +0235.7902
+0669.9672 +0634.9981 +0235.7886
+0671.1628 +0634.9936 +0235.3884
+0672.0695 +0634.9746 +0235.8043
+0672.0705 +0634.9766 +0235.8056
+0672.0777 +0634.9965 +0235.8085
+0672.0794 +0635.0014 +0235.8088
+0672.0839 +0635.0035 +0235.8090
+0672.1008 +0635.0041 +0235.8111
+0672.1108 +0635.0019 +0235.8108
+0672.1354 +0635.0004 +0235.8121
+0672.1733 +0635.0009 +0235.8125
+0672.2064 +0634.9994 +0235.8129
+0672.2563 +0634.9985 +0235.8130
+0672.2985 +0634.9986 +0235.8125
+0672.3520 +0634.9991 +0235.8127
+0672.4028 +0634.9977 +0235.8118
+0672.4441 +0634.9964 +0235.8118
+0672.4994 +0634.9967 +0235.8108
+0672.5543 +0634.9969 +0235.8098
+0672.6148 +0634.9958 +0235.8094
+0672.6691 +0634.9947 +0235.8097
+0672.7276 +0634.9928 +0235.8091
+0672.7855 +0634.9949 +0235.8088
+0672.8319 +0634.9948 +0235.8095
+0672.8844 +0634.9938 +0235.8100
+0672.9374 +0634.9960 +0235.8088
+0672.9860 +0634.9956 +0235.8086
+0673.0374 +0634.9946 +0235.8099
+0673.0960 +0634.9934 +0235.8096
+0673.1443 +0634.9953 +0235.8083
+0673.2054 +0634.9956 +0235.8090
+0673.2716 +0635.0000 +0235.8099
+0673.3155 +0635.0021 +0235.8105
+0673.3624 +0635.0025 +0235.8109
+0673.4127 +0635.0036 +0235.8105
+0673.4640 +0635.0028 +0235.8104
+0673.5169 +0635.0011 +0235.8109
+0673.5650 +0635.0027 +0235.8111
+0673.6114 +0635.0034 +0235.8113
+0673.6697 +0635.0025 +0235.8109
+0673.6966 +0635.0022 +0235.8105
+0673.7961 +0635.0009 +0235.8120
