+0529.0879 +0634.9954 +0235.8552
+0529.1506 +0635.0067 +0235.8546
+0529.2139 +0635.0132 +0235.8539
+0529.2680 +0635.0177 +0235.8539
+0529.3266 +0635.0157 +0235.8546
+0529.3761 +0635.0127 +0235.8542
+0529.4290 +0635.0081 +0235.8544
+0529.4873 +0635.0037 +0235.8543
+0529.5439 +0635.0016 +0235.8549
+0529.6003 +0635.0016 +0235.8558
+0529.6531 +0635.0029 +0235.8569
+0529.7075 +0635.0008 +0235.8575
+0529.7522 +0634.9982 +0235.8582
+0529.7973 +0634.9956 +0235.8594
+0529.8400 +0634.9949 +0235.8591
+0529.8780 +0634.9979 +0235.8587
+0529.9186 +0634.9964 +0235.8584
+0529.9581 +0634.9973 +0235.8575
+0529.9872 +0634.9941 +0235.8567
+0530.0151 +0634.9936 +0235.8555
+0530.0343 +0634.9983 +0235.8539
+0530.0441 +0635.0017 +0235.8533
+0530.0545 +0635.0041 +0235.8520
+0530.0589 +0635.0044 +0235.8514
+0530.0604 +0635.0048 +0235.8506
+0530.0627 +0635.0032 +0235.8505
+0530.0639 +0634.9990 +0235.8495
+0530.0675 +0634.9978 +0235.8482
+0530.0689 +0634.9981 +0235.8475
+0530.0701 +0634.9978 +0235.8464
+0531.1194 +0634.9981 +0235.4626
+0532.1819 +0634.9764 +0235.9511
+0532.1939 +0634.9822 +0235.9621
+0532.1951 +0634.9766 +0235.9632
+0532.2019 +0634.9870 +0235.9676
+0532.2039 +0634.9955 +0235.9690
+0532.2102 +0635.0009 +0235.9708
+0532.2143 +0635.0030 +0235.9714
+0532.2200 +0635.0045 +0235.9723
+0532.2246 +0635.0071 +0235.9729
+0532.2288 +0635.0095 +0235.9729
+0532.2376 +0635.0097 +0235.9739
+0532.2562 +0635.0062 +0235.9741
+0532.2741 +0635.0035 +0235.9743
+0532.3142 +0635.0028 +0235.9744
+0532.3482 +0635.0034 +0235.9738
+0532.4044 +0635.0011 +0235.9735
+0532.4462 +0635.0028 +0235.9720
+0532.5023 +0635.0060 +0235.9726
+0532.5626 +0635.0061 +0235.9706
+0532.6046 +0635.0042 +0235.9706
+0532.6722 +0635.0033 +0235.9692
+0532.7234 +0635.0012 +0235.9682
+0532.7858 +0635.0000 +0235.9682
+0532.8469 +0635.0000 +0235.9676
+0532.8939 +0635.0019 +0235.9680
+0532.9460 +0635.0016 +0235.9681
+0532.9960 +0634.9989 +0235.9675
+0533.0453 +0634.9996 +0235.9669
+0533.0962 +0634.9973 +0235.9668
+0533.1603 +0634.9966 +0235.9665
+0533.2159 +0634.9984 +0235.9658
+0533.2735 +0634.9987 +0235.9668
+0533.3225 +0634.9993 +0235.9668
+0533.3631 +0635.0002 +0235.9676
+0533.4095 +0635.0002 +0235.9664
+0533.4332 +0635.0018 +0235.9664
