+0529.1365 +0639.9976 +0235.8758
+0529.1865 +0639.9983 +0235.8761
+0529.2248 +0640.0002 +0235.8768
+0529.2746 +0640.0040 +0235.8771
+0529.3196 +0640.0031 +0235.8769
+0529.3669 +0640.0044 +0235.8771
+0529.4327 +0640.0049 +0235.8769
+0529.4817 +0640.0041 +0235.8768
+0529.5416 +0640.0031 +0235.8783
+0529.5996 +0640.0017 +0235.8784
+0529.6489 +0640.0010 +0235.8790
+0529.7088 +0640.0008 +0235.8797
+0529.7572 +0640.0012 +0235.8809
+0529.7979 +0640.0008 +0235.8817
+0529.8348 +0639.9996 +0235.8817
+0529.8789 +0639.9988 +0235.8805
+0529.9193 +0639.9999 +0235.8798
+0529.9579 +0639.9998 +0235.8800
+0529.9819 +0640.0008 +0235.8794
+0529.9936 +0640.0031 +0235.8788
+0530.0084 +0640.0019 +0235.8771
+0530.0178 +0640.0007 +0235.8761
+0530.0284 +0639.9997 +0235.8751
+0530.0345 +0639.9976 +0235.8741
+0530.0373 +0639.9974 +0235.8731
+0530.0399 +0639.9967 +0235.8721
+0530.0447 +0639.9972 +0235.8697
+0530.9590 +0639.9990 +0235.4866
+0532.1882 +0639.9776 +0235.9734
+0532.1920 +0639.9762 +0235.9776
+0532.2001 +0639.9767 +0235.9855
+0532.2022 +0639.9839 +0235.9866
+0532.2060 +0640.0031 +0235.9890
+0532.2080 +0639.9988 +0235.9901
+0532.2131 +0640.0084 +0235.9908
+0532.2148 +0640.0105 +0235.9909
+0532.2175 +0640.0111 +0235.9914
+0532.2207 +0640.0117 +0235.9923
+0532.2265 +0640.0120 +0235.9924
+0532.2460 +0640.0118 +0235.9928
+0532.2633 +0640.0105 +0235.9930
+0532.2999 +0640.0107 +0235.9936
+0532.3408 +0640.0116 +0235.9923
+0532.3829 +0640.0085 +0235.9921
+0532.4457 +0640.0074 +0235.9911
+0532.4902 +0640.0070 +0235.9906
+0532.5457 +0640.0028 +0235.9905
+0532.6026 +0640.0014 +0235.9890
+0532.6498 +0639.9993 +0235.9881
+0532.7115 +0639.9977 +0235.9878
+0532.7702 +0639.9984 +0235.9865
+0532.8220 +0639.9981 +0235.9863
+0532.8795 +0639.9987 +0235.9864
+0532.9351 +0639.9993 +0235.9858
+0532.9857 +0639.9991 +0235.9851
+0533.0392 +0640.0004 +0235.9852
+0533.0965 +0640.0007 +0235.9845
+0533.1498 +0640.0005 +0235.9842
+0533.2060 +0640.0013 +0235.9839
+0533.2552 +0639.9994 +0235.9842
+0533.3081 +0639.9980 +0235.9843
+0533.3553 +0639.9953 +0235.9831
+0533.3850 +0639.9959 +0235.9831
+0533.4593 +0639.9966 +0235.9822
