+0529.1373 +0644.9970 +0235.8946
+0529.2038 +0645.0041 +0235.8950
+0529.2328 +0645.0071 +0235.8959
+0529.2843 +0645.0087 +0235.8965
+0529.3264 +0645.0077 +0235.8968
+0529.3761 +0645.0060 +0235.8967
+0529.4290 +0645.0065 +0235.8966
+0529.4971 +0645.0059 +0235.8968
+0529.5559 +0645.0052 +0235.8968
+0529.6139 +0645.0061 +0235.8986
+0529.6703 +0645.0047 +0235.9000
+0529.7115 +0645.0029 +0235.9003
+0529.7564 +0645.0031 +0235.9010
+0529.7974 +0645.0051 +0235.9013
+0529.8367 +0645.0037 +0235.9012
+0529.8783 +0645.0025 +0235.8999
+0529.9247 +0645.0006 +0235.8985
+0529.9689 +0644.9990 +0235.8972
+0530.0007 +0644.9994 +0235.8967
+0530.0207 +0644.9994 +0235.8957
+0530.0280 +0645.0006 +0235.8954
+0530.0295 +0644.9990 +0235.8951
+0530.0328 +0644.9997 +0235.8939
+0530.0368 +0644.9980 +0235.8932
+0530.0389 +0644.9983 +0235.8927
+0530.0420 +0644.9981 +0235.8898
+0530.8546 +0644.9981 +0235.5340
+0531.3313 +0644.9948 +0235.5477
+0532.1665 +0644.9873 +0235.9954
+0532.1703 +0644.9860 +0235.9988
+0532.1725 +0644.9845 +0236.0011
+0532.1739 +0644.9816 +0236.0019
+0532.1760 +0644.9890 +0236.0033
+0532.1781 +0644.9854 +0236.0046
+0532.1820 +0644.9948 +0236.0058
+0532.1851 +0644.9989 +0236.0069
+0532.1867 +0644.9968 +0236.0070
+0532.1959 +0644.9986 +0236.0075
+0532.2126 +0644.9989 +0236.0078
+0532.2338 +0645.0013 +0236.0085
+0532.2672 +0645.0027 +0236.0096
+0532.3059 +0645.0024 +0236.0089
+0532.3361 +0645.0012 +0236.0086
+0532.3836 +0645.0031 +0236.0083
+0532.4397 +0645.0030 +0236.0066
+0532.4936 +0644.9994 +0236.0053
+0532.5505 +0644.9987 +0236.0046
+0532.6085 +0644.9999 +0236.0040
+0532.6663 +0644.9991 +0236.0033
+0532.7167 +0644.9990 +0236.0028
+0532.7729 +0645.0002 +0236.0029
+0532.8276 +0644.9999 +0236.0020
+0532.8774 +0645.0012 +0236.0019
+0532.9367 +0645.0030 +0236.0015
+0532.9901 +0645.0014 +0236.0012
+0533.0362 +0645.0017 +0236.0011
+0533.0926 +0645.0028 +0236.0010
+0533.1509 +0645.0032 +0236.0000
+0533.2022 +0644.9994 +0236.0001
+0533.2586 +0645.0020 +0236.0004
+0533.3052 +0645.0008 +0236.0001
+0533.3496 +0644.9977 +0236.0000
+0533.3996 +0644.9982 +0235.9996
+0533.4484 +0644.9984 +0235.9991
