+0667.9547 +0639.9976 +0235.8305
+0668.0082 +0639.9995 +0235.8302
+0668.0605 +0639.9982 +0235.8307
+0668.1142 +0639.9983 +0235.8306
+0668.1622 +0639.9989 +0235.8307
+0668.2183 +0639.9995 +0235.8311
+0668.2719 +0639.9990 +0235.8307
+0668.3166 +0640.0004 +0235.8310
+0668.3789 +0639.9987 +0235.8313
+0668.4260 +0640.0001 +0235.8307
+0668.4800 +0640.0001 +0235.8316
+0668.5337 +0639.9983 +0235.8314
+0668.5783 +0639.9991 +0235.8314
+0668.6401 +0639.9980 +0235.8308
+0668.6843 +0639.9982 +0235.8306
+0668.7402 +0639.9956 +0235.8315
+0668.8033 +0639.9953 +0235.8304
+0668.8466 +0639.9977 +0235.8303
+0668.9043 +0639.9990 +0235.8317
+0668.9429 +0639.9992 +0235.8316
+0668.9828 +0639.9997 +0235.8314
+0669.0343 +0639.9983 +0235.8298
+0669.0851 +0640.0002 +0235.8297
+0669.1486 +0640.0006 +0235.8296
+0669.2059 +0640.0012 +0235.8296
+0669.2535 +0640.0018 +0235.8293
+0669.3042 +0640.0023 +0235.8301
+0669.3546 +0640.0013 +0235.8294
+0669.3989 +0640.0015 +0235.8294
+0669.4495 +0640.0010 +0235.8291
+0669.4968 +0640.0023 +0235.8285
+0669.5903 +0640.0015 +0235.8272
+0669.6793 +0640.0021 +0235.8271
+0669.8123 +0640.0051 +0235.8374
+0669.8272 +0640.0046 +0235.8379
+0669.8322 +0640.0038 +0235.8374
+0669.8461 +0639.9998 +0235.8379
+0669.8569 +0639.9969 +0235.8370
+0669.8630 +0639.9915 +0235.8367
+0669.8666 +0639.9910 +0235.8359
+0669.8845 +0639.9910 +0235.8315
+0669.8984 +0639.9938 +0235.8280
+0669.9198 +0639.9918 +0235.8236
+0669.9316 +0639.9913 +0235.8196
+0669.9344 +0639.9913 +0235.8191
+0669.9366 +0639.9923 +0235.8182
+0669.9396 +0639.9972 +0235.8169
+0669.9436 +0639.9981 +0235.8154
+0669.9475 +0639.9994 +0235.8119
+0669.9490 +0639.9991 +0235.8104
+0669.9521 +0639.9999 +0235.8086
+0670.9675 +0640.0006 +0235.3862
+0672.0503 +0640.0103 +0235.8196
+0672.0552 +0640.0090 +0235.8234
+0672.0621 +0640.0045 +0235.8286
+0672.0640 +0639.9982 +0235.8288
+0672.0678 +0639.9975 +0235.8304
+0672.0707 +0639.9955 +0235.8318
+0672.0757 +0639.9904 +0235.8319
+0672.0845 +0639.9877 +0235.8324
+0672.0965 +0639.9851 +0235.8337
+0672.1198 +0639.9852 +0235.8343
+0672.1490 +0639.9844 +0235.8349
+0672.1850 +0639.9844 +0235.8353
+0672.2316 +0639.9862 +0235.8362
+0672.2731 +0639.9882 +0235.8360
+0672.3197 +0639.9892 +0235.8359
+0672.3729 +0639.9930 +0235.8348
+0672.4192 +0639.9947 +0235.8347
+0672.4740 +0639.9933 +0235.8342
+0672.5250 +0639.9932 +0235.8330
+0672.5811 +0639.9911 +0235.8326
+0672.6359 +0639.9931 +0235.8325
+0672.6868 +0639.9932 +0235.8328
+0672.7475 +0639.9929 +0235.8318
+0672.7945 +0639.9918 +0235.8313
+0672.8593 +0639.9940 +0235.8323
+0672.9149 +0639.9962 +0235.8319
+0672.9577 +0639.9977 +0235.8326
+0673.0041 +0640.0016 +0235.8326
+0673.0592 +0640.0011 +0235.8324
+0673.1145 +0640.0051 +0235.8313
+0673.1662 +0640.0033 +0235.8326
+0673.2362 +0640.0001 +0235.8333
+0673.2777 +0639.9962 +0235.8329
+0673.3275 +0639.9977 +0235.8339
+0673.3828 +0639.9995 +0235.8338
+0673.4255 +0640.0001 +0235.8340
+0673.4830 +0640.0007 +0235.8337
+0673.5290 +0639.9992 +0235.8332
+0673.5813 +0640.0001 +0235.8337
+0673.6403 +0639.9999 +0235.8326
+0673.6719 +0639.9985 +0235.8327
+0673.7606 +0639.9998 +0235.8331
