+0667.9394 +0644.9960 +0235.8483
+0667.9995 +0645.0031 +0235.8484
+0668.0589 +0645.0092 +0235.8481
+0668.1134 +0645.0120 +0235.8485
+0668.1719 +0645.0119 +0235.8490
+0668.2275 +0645.0137 +0235.8494
+0668.2842 +0645.0116 +0235.8499
+0668.3411 +0645.0121 +0235.8511
+0668.3876 +0645.0090 +0235.8525
+0668.4242 +0645.0057 +0235.8529
+0668.4618 +0644.9983 +0235.8526
+0668.5154 +0644.9872 +0235.8513
+0668.5648 +0644.9898 +0235.8507
+0668.6262 +0644.9942 +0235.8509
+0668.6814 +0644.9978 +0235.8502
+0668.7300 +0644.9995 +0235.8501
+0668.7915 +0644.9993 +0235.8499
+0668.8432 +0644.9994 +0235.8495
+0668.8932 +0644.9973 +0235.8498
+0668.9468 +0644.9964 +0235.8497
+0668.9965 +0644.9950 +0235.8496
+0669.0461 +0644.9959 +0235.8494
+0669.1042 +0644.9986 +0235.8491
+0669.1605 +0644.9998 +0235.8490
+0669.2127 +0645.0002 +0235.8498
+0669.2530 +0645.0006 +0235.8502
+0669.2954 +0645.0019 +0235.8500
+0669.3518 +0645.0026 +0235.8479
+0669.4026 +0645.0035 +0235.8473
+0669.4589 +0645.0018 +0235.8475
+0669.5342 +0645.0023 +0235.8471
+0669.6164 +0645.0025 +0235.8465
+0669.6998 +0644.9996 +0235.8506
+0669.7737 +0644.9971 +0235.8565
+0669.7988 +0644.9958 +0235.8585
+0669.8068 +0644.9952 +0235.8593
+0669.8103 +0644.9944 +0235.8585
+0669.8125 +0644.9959 +0235.8587
+0669.8236 +0644.9958 +0235.8581
+0669.8265 +0644.9964 +0235.8578
+0669.8388 +0644.9963 +0235.8562
+0669.8494 +0644.9989 +0235.8541
+0669.8644 +0645.0012 +0235.8520
+0669.8767 +0645.0025 +0235.8493
+0669.8918 +0645.0031 +0235.8461
+0669.9090 +0645.0037 +0235.8408
+0669.9206 +0645.0004 +0235.8382
+0669.9421 +0644.9982 +0235.8320
+0669.9449 +0644.9980 +0235.8305
+0669.9469 +0644.9981 +0235.8306
+0669.9482 +0644.9990 +0235.8294
+0669.9528 +0644.9992 +0235.8270
+0670.7787 +0645.0000 +0235.4509
+0671.2623 +0645.0039 +0235.4677
+0672.0195 +0645.0063 +0235.8347
+0672.0233 +0645.0072 +0235.8376
+0672.0372 +0645.0068 +0235.8478
+0672.0401 +0644.9964 +0235.8490
+0672.0425 +0644.9937 +0235.8504
+0672.0444 +0644.9885 +0235.8508
+0672.0463 +0644.9865 +0235.8509
+0672.0554 +0644.9845 +0235.8513
+0672.0704 +0644.9833 +0235.8520
+0672.1001 +0644.9837 +0235.8531
+0672.1391 +0644.9833 +0235.8536
+0672.1776 +0644.9863 +0235.8541
+0672.2269 +0644.9879 +0235.8550
+0672.2640 +0644.9881 +0235.8550
+0672.3045 +0644.9898 +0235.8551
+0672.3519 +0644.9913 +0235.8537
+0672.4097 +0644.9931 +0235.8523
+0672.4674 +0644.9961 +0235.8512
+0672.5278 +0644.9979 +0235.8510
+0672.5794 +0644.9999 +0235.8503
+0672.6320 +0644.9956 +0235.8505
+0672.6910 +0644.9928 +0235.8497
+0672.7416 +0644.9931 +0235.8492
+0672.8049 +0644.9957 +0235.8493
+0672.8688 +0644.9984 +0235.8491
+0672.9190 +0644.9954 +0235.8498
+0672.9705 +0644.9978 +0235.8506
+0673.0161 +0644.9977 +0235.8504
+0673.0709 +0644.9981 +0235.8499
+0673.1265 +0645.0002 +0235.8494
+0673.1820 +0645.0018 +0235.8504
+0673.2397 +0645.0013 +0235.8510
+0673.2838 +0644.9992 +0235.8512
+0673.3334 +0645.0005 +0235.8513
+0673.3870 +0645.0015 +0235.8515
+0673.4383 +0645.0011 +0235.8513
+0673.4833 +0645.0017 +0235.8517
+0673.5434 +0645.0012 +0235.8517
+0673.5868 +0645.0015 +0235.8510
+0673.6406 +0644.9995 +0235.8523
+0673.7094 +0644.9995 +0235.8514
+0673.7218 +0644.9996 +0235.8514
